52
95
65
98
68
12
6
95
75
26
58
81
1
70
67
83
32
58
39
82
51
83
6
98
31
3
8
10
99
81
4
22
70
63
20
50
29
87
94
74
82
7
32
81
27
56
59
1
16
62
81
10
30
73
48
66
0
60
95
25
94
79
39
96
56
42
76
31
53
24
89
23
59
23
78
9
89
84
36
22
75
66
1
35
46
75
36
23
13
11
64
27
44
56
70
67
72
68
16
14
75
8
41
19
75
76
20
48
6
27
40
69
11
57
97
6
7
68
71
70
41
48
33
42
67
26
43
8
29
83
68
93
95
50
79
96
3
42
41
53
95
16
2
40
68
10
47
58
75
10
99
14
9
5
22
60
26
91
58
46
76
56
81
67
64
47
48
3
18
58
71
86
63
55
77
25
27
31
96
5
72
7
51
44
98
53
44
84
30
66
17
94
11
45
27
43
7
63
61
92
16
34
89
81
33
59
7
46
40
22
73
56
7
11
16
26
78
23
32
0
78
32
97
2
26
72
27
69
57
41
81
26
58
90
63
31
94
19
7
24
76
77
31
61
31
35
31
27
69
62
76
86
14
13
54
32
60
31
6
91
26
30
24
9
39
14
3
1
67
89
78
68
96
96
11
82
15
5
2
58
17
97
4
28
16
74
43
70
99
15
69
32
96
46
94
55
86
49
50
63
11
6
42
93
58
32
32
82
56
25
44
52
7
41
71
75
0
53
69
43
78
75
4
2
34
56
35
64
73
6
82
63
39
20
5
57
39
50
7
48
3
75
48
54
91
10
84
16
63
9
62
83
29
93
9
26
37
85
11
34
69
98
46
5
68
69
44
30
89
28
83
32
14
32
80
50
46
79
48
74
38
1
73
98
38
94
43
0
93
47
16
98
7
1
21
64
94
57
20
84
4
70
3
22
32
14
93
9
58
49
36
36
82
86
5
76
36
71
9
77
78
6
99
79
77
41
97
27
86
77
10
8
28
47
1
35
94
50
73
56
27
49
84
2
83
51
53
16
13
43
48
69
69
57
26
78
47
6
89
49
13
47
75
50
80
68
11
36
53
78
7
70
1
57
15
59
0
59
88
82
54
30
74
78
85
33
52
84
8
80
64
49
86
71
42
81
4
70
12
81
39
61
74
6
31
54
84
81
18
31
48
76
6
65
23
57
59
41
35
3
43
4
7
15
38
34
18
86
44
36
92
87
31
37
66
40
54
88
49
57
38
44
68
46
61
17
29
85
23
17
63
26
20
63
99
46
14
13
29
83
46
35
33
24
68
88
30
44
2
84
67
37
83
57
28
10
75
49
30
80
26
11
7
5
16
98
28
14
1
15
76
58
84
95
35
38
74
33
35
81
31
58
16
10
38
67
25
17
3
97
94
24
80
93
7
68
57
39
23
50
69
43
28
35
12
87
46
89
11
52
65
26
80
71
40
3
6
81
74
14
64
77
69
24
19
88
73
51
90
70
11
58
51
85
28
65
34
51
36
26
61
28
39
16
53
0
22
6
95
22
34
60
27
10
64
92
98
32
17
58
78
13
4
52
33
29
35
44
13
31
78
74
30
21
53
20
25
37
78
24
28
52
54
47
28
82
51
49
5
56
11
47
16
36
4
19
84
99
84
50
92
48
72
59
72
59
47
36
77
13
79
47
79
24
49
55
4
20
90
62
3
93
62
36
83
95
38
6
99
23
71
11
46
88
79
50
52
65
0
12
48
49
99
57
32
62
1
34
63
99
83
92
98
12
25
43
3
92
17
34
71
19
67
95
59
21
86
27
15
94
47
97
23
24
83
48
68
59
79
0
64
71
53
85
28
75
27
38
45
59
22
33
95
12
53
28
20
45
0
72
97
10
23
7
36
77
46
78
72
4
93
71
36
19
42
69
84
21
25
34
43
73
7
7
84
71
86
31
57
49
58
96
52
79
27
28
4
31
93
44
72
37
64
15
15
38
43
94
45
73
87
94
37
89
37
22
20
74
78
89
82
9
71
74
4
90
23
33
83
39
65
82
99
22
29
30
8
40
50
80
52
72
99
65
44
4
47
15
26
96
18
37
68
6
87
19
29
98
49
33
53
61
9
92
68
49
58
45
80
83
39
5
93
32
91
37
55
39
24
36
64
26
98
84
49
62
81
74
59
98
69
45
19
59
77
87
93
65
9
54
69
24
62
9
22
26
97
31
52
54
14
6
58
2
84
45
50
17
70
34
7
19
31
93
51
24
47
71
19
18
0
63
21
4
85
24
3
94
33
3
